[array([[ 1.        ,  0.92592593,  0.85185185, ...,  0.55555556,
         0.62962963,  0.51851852],
       [ 0.92592593,  1.        ,  0.92592593, ...,  0.48148148,
         0.55555556,  0.44444444],
       [ 0.85185185,  0.92592593,  1.        , ...,  0.40740741,
         0.48148148,  0.37037037],
       ..., 
       [ 0.55555556,  0.48148148,  0.40740741, ...,  1.        ,
         0.92592593,  0.96296296],
       [ 0.62962963,  0.55555556,  0.48148148, ...,  0.92592593,
         1.        ,  0.88888889],
       [ 0.51851852,  0.44444444,  0.37037037, ...,  0.96296296,
         0.88888889,  1.        ]]), array([[ 1.        ,  0.79166667,  0.875     , ...,  0.58333333,
         0.70833333,  0.75      ],
       [ 0.79166667,  1.        ,  0.91666667, ...,  0.79166667,
         0.91666667,  0.95833333],
       [ 0.875     ,  0.91666667,  1.        , ...,  0.70833333,
         0.83333333,  0.875     ],
       ..., 
       [ 0.58333333,  0.79166667,  0.70833333, ...,  1.        ,
         0.875     ,  0.83333333],
       [ 0.70833333,  0.91666667,  0.83333333, ...,  0.875     ,
         1.        ,  0.95833333],
       [ 0.75      ,  0.95833333,  0.875     , ...,  0.83333333,
         0.95833333,  1.        ]]), array([[ 1.        ,  1.        ,  0.97435897, ...,  0.1025641 ,
         0.15384615,  0.25641026],
       [ 1.        ,  1.        ,  0.97435897, ...,  0.1025641 ,
         0.15384615,  0.25641026],
       [ 0.97435897,  0.97435897,  1.        , ...,  0.07692308,
         0.12820513,  0.23076923],
       ..., 
       [ 0.1025641 ,  0.1025641 ,  0.07692308, ...,  1.        ,
         0.94871795,  0.84615385],
       [ 0.15384615,  0.15384615,  0.12820513, ...,  0.94871795,
         1.        ,  0.8974359 ],
       [ 0.25641026,  0.25641026,  0.23076923, ...,  0.84615385,
         0.8974359 ,  1.        ]]), array([[ 1.        ,  1.        ,  1.        , ...,  0.23529412,
         0.41176471,  0.35294118],
       [ 1.        ,  1.        ,  1.        , ...,  0.23529412,
         0.41176471,  0.35294118],
       [ 1.        ,  1.        ,  1.        , ...,  0.23529412,
         0.41176471,  0.35294118],
       ..., 
       [ 0.23529412,  0.23529412,  0.23529412, ...,  1.        ,
         0.82352941,  0.88235294],
       [ 0.41176471,  0.41176471,  0.41176471, ...,  0.82352941,
         1.        ,  0.94117647],
       [ 0.35294118,  0.35294118,  0.35294118, ...,  0.88235294,
         0.94117647,  1.        ]])]